25
24
23
22
21
20
19
18
17
16
15
14
13
12
11
10.0001
9.0003
8.0012
7.0043
6.0135
5.0372
4.0908
3.1976
2.387
1.6886
1.1239
0.6992
0.4045
0.2167
0.1072
0.0488
0.0205
0.0079
0.0028
0.0009
0.0003
0.0001
0
0
0
0
0
0
0
0
0
0
0
0
0
0
25
24
23
22
21
20
19
18
17
16
15
14.0001
13.0002
12.0007
11.0019
10.0048
9.0114
8.0252
7.0519
6.1002
5.1815
4.3102
3.5018
2.7715
2.1314
1.5893
1.1468
0.7995
0.5377
0.3486
0.2177
0.1308
0.0757
0.0421
0.0226
0.0116
0.0058
0.0028
0.0013
0.0006
0.0002
0.0001
0
0
0
0
0
0
0
0
0
25
24
23
22
21
20
19
18
17.0001
16.0002
15.0005
14.0012
13.0029
12.0063
11.013
10.0254
9.0472
8.0838
7.1419
6.2304
5.359
4.5384
3.779
3.0898
2.4776
1.9465
1.4967
1.1256
0.8273
0.5941
0.4166
0.2852
0.1906
0.1243
0.0791
0.0492
0.0299
0.0177
0.0102
0.0058
0.0032
0.0017
0.0009
0.0005
0.0002
0.0001
0.0001
0
0
0
0
25
24
23
22
21
20
19.0001
18.0003
17.0006
16.0014
15.003
14.006
13.0115
12.0212
11.0375
10.0638
9.1047
8.1657
7.2537
6.3761
5.541
4.7564
4.0295
3.3665
2.7717
2.2475
1.7938
1.4087
1.088
0.8262
0.6168
0.4526
0.3263
0.2313
0.1611
0.1103
0.0742
0.0491
0.0319
0.0204
0.0129
0.008
0.0048
0.0029
0.0017
0.001
0.0006
0.0003
0.0002
0.0001
0.0001
25.0003
24.0005
23.001
22.0018
21.0031
20.0054
19.0091
18.0149
17.0237
16.0369
15.056
14.0832
13.1208
12.1719
11.2397
10.328
9.4408
8.5821
7.7563
6.9672
6.2188
5.5142
4.8562
4.2468
3.6872
3.178
2.7187
2.3083
1.945
1.6262
1.3493
1.1108
0.9074
0.7356
0.5917
0.4723
0.3742
0.2942
0.2296
0.1778
0.1368
0.1044
0.0791
0.0596
0.0445
0.0331
0.0244
0.0179
0.013
0.0094
0.0068
25.0039
24.0062
23.0097
22.0149
21.0225
20.0332
19.0481
18.0685
17.0958
16.1319
15.1788
14.2387
13.3141
12.4078
11.5224
10.6608
9.8259
9.0205
8.2472
7.5084
6.8063
6.1425
5.5184
4.935
4.3928
3.8917
3.4315
3.0112
2.6298
2.2856
1.9769
1.7017
1.4578
1.2429
1.0547
0.8907
0.7487
0.6265
0.5218
0.4326
0.3571
0.2934
0.2401
0.1956
0.1587
0.1282
0.1031
0.0826
0.0659
0.0524
0.0415
25.0006
24.0011
23.002
22.0035
21.0059
20.0097
19.0156
18.0243
17.0371
16.0554
15.0811
14.1162
13.1634
12.2256
11.3061
10.4082
9.5357
8.6924
7.882
7.1078
6.3732
5.681
5.0333
4.4318
3.8775
3.3707
2.911
2.4973
2.1282
1.8015
1.5147
1.265
1.0493
0.8646
0.7076
0.5753
0.4646
0.3728
0.2972
0.2354
0.1853
0.1449
0.1126
0.087
0.0668
0.051
0.0387
0.0292
0.0219
0.0164
0.0121
25.0275
24.0385
23.0531
22.0723
21.097
20.1285
19.1682
18.2176
17.2783
16.352
15.4407
14.5463
13.6707
12.8159
11.9839
11.1766
10.3957
9.643
8.9198
8.2275
7.5671
6.9395
6.3454
5.7849
5.2583
4.7655
4.3058
3.8789
3.4839
3.1198
2.7854
2.4795
2.2007
1.9476
1.7186
1.5121
1.3267
1.1608
1.0127
0.8811
0.7646
0.6617
0.5711
0.4916
0.4221
0.3616
0.3089
0.2633
0.2238
0.1899
0.1607
25.1178
24.1503
23.1898
22.2375
21.2946
20.3622
19.4417
18.5345
17.6419
16.7652
15.9059
15.0654
14.2449
13.4457
12.6689
11.9158
11.1872
10.484
9.807
9.1568
8.5338
7.9385
7.3709
6.8312
6.3192
5.8347
5.3774
4.9468
4.5423
4.1633
3.8091
3.4787
3.1713
2.886
2.6217
2.3776
2.1525
1.9454
1.7554
1.5813
1.4221
1.277
1.1448
1.0248
0.9159
0.8174
0.7284
0.6481
0.5759
0.511
0.4528
25.0166
24.024
23.0342
22.0479
21.0662
20.0901
19.121
18.1604
17.2098
16.2712
15.3465
14.4377
13.547
12.6767
11.8288
11.0055
10.209
9.4412
8.7038
7.9985
7.3264
6.6888
6.0863
5.5195
4.9885
4.4932
4.0332
3.6079
3.2164
2.8575
2.53
2.2324
1.9631
1.7205
1.5028
1.3083
1.1353
0.9819
0.8465
0.7274
0.6232
0.5322
0.4531
0.3846
0.3255
0.2747
0.2311
0.1939
0.1622
0.1354
0.1126
25.194
24.2401
23.2949
22.3592
21.4343
20.5212
19.6213
18.7357
17.8655
17.012
16.1763
15.3595
14.5627
13.7869
13.033
12.3019
11.5942
10.9106
10.2517
9.6179
9.0094
8.4266
7.8694
7.3378
6.8318
6.351
5.8951
5.4638
5.0566
4.6727
4.3118
3.9729
3.6554
3.3585
3.0814
2.8233
2.5832
2.3604
2.1539
1.9629
1.7865
1.6238
1.4742
1.3366
1.2105
1.0949
0.9892
0.8926
0.8046
0.7245
0.6516
25.5238
24.6136
23.7148
22.8283
21.9549
21.0955
20.2509
19.4218
18.6091
17.8135
17.0355
16.276
15.5353
14.8141
14.1127
13.4316
12.7712
12.1315
11.5129
10.9154
10.3392
9.7842
9.2503
8.7375
8.2456
7.7742
7.3232
6.8922
6.4808
6.0887
5.7154
5.3604
5.0232
4.7034
4.4003
4.1134
3.8421
3.586
3.3443
3.1166
2.9022
2.7005
2.5111
2.3333
2.1665
2.0104
1.8642
1.7275
1.5997
1.4805
1.3693
25.0922
24.1194
23.153
22.194
21.2437
20.3034
19.3743
18.4579
17.5555
16.6688
15.7991
14.9479
14.1167
13.3069
12.5197
11.7564
11.0181
10.3058
9.6204
8.9625
8.3328
7.7316
7.1592
6.6156
6.1009
5.6148
5.1569
4.7268
4.3238
3.9473
3.5964
3.2702
2.9677
2.688
2.43
2.1926
1.9746
1.775
1.5926
1.4264
1.2753
1.1381
1.014
0.9018
0.8007
0.7098
0.6281
0.555
0.4896
0.4312
0.3792
25.5715
24.6664
23.773
22.8921
22.0244
21.1708
20.3321
19.509
18.7023
17.9125
17.1404
16.3866
15.6514
14.9356
14.2393
13.5631
12.9071
12.2717
11.6569
11.0629
10.4898
9.9374
9.4058
8.8949
8.4044
7.934
7.4836
7.0528
6.6412
6.2485
5.8742
5.5179
5.1791
4.8572
4.5519
4.2625
3.9885
3.7293
3.4845
3.2534
3.0355
2.8302
2.637
2.4553
2.2847
2.1245
1.9743
1.8336
1.7019
1.5787
1.4635
26.2308
25.3824
24.5469
23.725
22.9171
22.1237
21.3453
20.5821
19.8347
19.1033
18.3882
17.6897
17.008
16.3433
15.6958
15.0655
14.4525
13.8568
13.2785
12.7175
12.1737
11.6471
11.1375
10.6448
10.1687
9.7091
9.2657
8.8383
8.4266
8.0303
7.6491
7.2827
6.9308
6.593
6.2689
5.9582
5.6606
5.3756
5.1029
4.8421
4.5929
4.3549
4.1276
3.9108
3.704
3.5069
3.3192
3.1404
2.9703
2.8085
2.6547
25.2657
24.323
23.3899
22.4672
21.5561
20.6577
19.7731
18.9033
18.0494
17.2124
16.3933
15.5932
14.8129
14.0531
13.3148
12.5986
11.9051
11.2347
10.5879
9.965
9.3662
8.7917
8.2415
7.7154
7.2135
6.7353
6.2807
5.8492
5.4404
5.0537
4.6886
4.3445
4.0206
3.7164
3.4311
3.1639
2.9141
2.6809
2.4635
2.2613
2.0733
1.8989
1.7373
1.5878
1.4496
1.3221
1.2046
1.0965
0.9971
0.9058
0.8222
26.1477
25.2931
24.4516
23.6235
22.8094
22.0098
21.2252
20.456
19.7026
18.9654
18.2447
17.5407
16.8538
16.1841
15.5318
14.8971
14.2799
13.6804
13.0985
12.5343
11.9877
11.4585
10.9468
10.4522
9.9747
9.5139
9.0697
8.6418
8.23
7.8338
7.4531
7.0875
6.7366
6.4001
6.0776
5.7688
5.4732
5.1905
4.9203
4.6622
4.4158
4.1808
3.9567
3.7431
3.5397
3.3461
3.1619
2.9868
2.8204
2.6623
2.5122
27.1686
26.3765
25.5976
24.8321
24.0802
23.3422
22.6183
21.9087
21.2135
20.5328
19.8668
19.2156
18.5791
17.9575
17.3508
16.7588
16.1817
15.6193
15.0715
14.5384
14.0197
13.5154
13.0252
12.5491
12.0868
11.6383
11.2032
10.7813
10.3726
9.9766
9.5933
9.2223
8.8634
8.5164
8.181
7.8569
7.5439
7.2417
6.9501
6.6688
6.3975
6.1359
5.8838
5.641
5.4071
5.1819
4.9652
4.7567
4.5561
4.3632
4.1778
25.5475
24.6399
23.7438
22.8601
21.9896
21.1331
20.2915
19.4654
18.6557
17.863
17.0881
16.3314
15.5935
14.875
14.1762
13.4976
12.8394
12.2019
11.5852
10.9895
10.4148
9.8612
9.3285
8.8166
8.3254
7.8545
7.4038
6.9729
6.5614
6.169
5.7952
5.4395
5.1015
4.7806
4.4764
4.1882
3.9156
3.6579
3.4146
3.1852
2.969
2.7655
2.5741
2.3944
2.2257
2.0675
1.9193
1.7805
1.6508
1.5296
1.4164
26.8825
26.0751
25.281
24.5003
23.7334
22.9807
22.2423
21.5186
20.8096
20.1157
19.4368
18.7733
18.125
17.4922
16.8748
16.2729
15.6864
15.1153
14.5596
14.0192
13.4939
12.9837
12.4883
12.0077
11.5417
11.09
10.6525
10.229
9.8191
9.4227
9.0396
8.6694
8.312
7.9669
7.634
7.313
7.0036
6.7054
6.4183
6.1418
5.8758
5.6199
5.3739
5.1374
4.9102
4.692
4.4824
4.2813
4.0884
3.9033
3.7259
28.2699
27.5271
26.7969
26.0794
25.3747
24.6829
24.0041
23.3384
22.6858
22.0463
21.4199
20.8066
20.2064
19.6193
19.0452
18.484
17.9356
17.4001
16.8771
16.3668
15.8688
15.3832
14.9097
14.4482
13.9985
13.5605
13.1341
12.7189
12.3149
11.9219
11.5397
11.168
10.8068
10.4557
10.1147
9.7835
9.4618
9.1495
8.8465
8.5524
8.2671
7.9904
7.7221
7.4619
7.2098
6.9654
6.7286
6.4992
6.2771
6.0619
5.8536
25.93
25.0583
24.1993
23.3536
22.5218
21.7045
20.9023
20.1156
19.345
18.5909
17.8538
17.134
16.4318
15.7474
15.0813
14.4334
13.8041
13.1932
12.601
12.0274
11.4724
10.9359
10.4178
9.9179
9.4361
8.9722
8.5258
8.0967
7.6846
7.2892
6.9101
6.5471
6.1996
5.8672
5.5497
5.2466
4.9573
4.6816
4.419
4.169
3.9312
3.7052
3.4905
3.2867
3.0934
2.9101
2.7365
2.5722
2.4167
2.2696
2.1306
27.7376
26.9726
26.2205
25.4815
24.7557
24.0433
23.3445
22.6592
21.9877
21.3299
20.6859
20.0558
19.4396
18.8372
18.2486
17.6737
17.1126
16.5651
16.0311
15.5106
15.0034
14.5093
14.0283
13.5601
13.1047
12.6618
12.2312
11.8129
11.4065
11.0118
10.6288
10.257
9.8965
9.5468
9.2078
8.8794
8.5611
8.2529
7.9544
7.6656
7.386
7.1156
6.854
6.6011
6.3566
6.1203
5.8919
5.6714
5.4584
5.2527
5.0542
29.4857
28.7855
28.0972
27.4208
26.7562
26.1036
25.4628
24.834
24.2169
23.6118
23.0184
22.4367
21.8667
21.3083
20.7614
20.226
19.7018
19.1889
18.6871
18.1963
17.7163
17.2471
16.7885
16.3403
15.9025
15.4748
15.0572
14.6494
14.2514
13.8629
13.4838
13.114
12.7532
12.4014
12.0584
11.7239
11.3979
11.0802
10.7705
10.4688
10.175
9.8887
9.6099
9.3384
9.074
8.8167
8.5662
8.3223
8.0851
7.8541
7.6295
26.3989
25.5621
24.7384
23.9282
23.1321
22.3503
21.5834
20.8317
20.0954
19.3749
18.6704
17.9821
17.3102
16.6548
16.0161
15.3941
14.7888
14.2004
13.6286
13.0736
12.5353
12.0134
11.5079
11.0186
10.5454
10.088
9.6462
9.2198
8.8084
8.4119
8.03
7.6623
7.3085
6.9683
6.6414
6.3275
6.0261
5.737
5.4599
5.1943
4.9399
4.6964
4.4634
4.2406
4.0276
3.8242
3.6299
3.4444
3.2675
3.0988
2.9379
28.6825
27.9553
27.2404
26.5379
25.8479
25.1705
24.5057
23.8535
23.214
22.5871
21.9728
21.3712
20.7821
20.2055
19.6414
19.0896
18.5502
18.0229
17.5077
17.0044
16.513
16.0333
15.5651
15.1084
14.6629
14.2286
13.8051
13.3925
12.9905
12.5989
12.2176
11.8464
11.485
11.1334
10.7913
10.4586
10.135
9.8204
9.5146
9.2174
8.9286
8.648
8.3755
8.1108
7.8538
7.6043
7.3622
7.1271
6.8991
6.6778
6.4631
30.7819
30.119
29.4671
28.8262
28.1963
27.5773
26.9692
26.372
25.7855
25.2098
24.6446
24.0901
23.546
23.0124
22.489
21.9758
21.4727
20.9796
20.4964
20.0229
19.5591
19.1047
18.6598
18.2241
17.7975
17.38
16.9713
16.5713
16.18
15.7971
15.4225
15.0562
14.6978
14.3474
14.0048
13.6699
13.3424
13.0223
12.7094
12.4037
12.1049
11.8129
11.5277
11.249
10.9768
10.7109
10.4512
10.1975
9.9498
9.7079
9.4717
26.9397
26.1355
25.3445
24.567
23.8032
23.0536
22.3182
21.5974
20.8913
20.2002
19.524
18.863
18.2172
17.5868
16.9716
16.3718
15.7872
15.218
14.6639
14.125
13.6011
13.0921
12.5978
12.1182
11.6529
11.2019
10.7649
10.3416
9.932
9.5357
9.1525
8.7821
8.4243
8.0789
7.7454
7.4237
7.1135
6.8145
6.5264
6.2489
5.9818
5.7247
5.4773
5.2395
5.0109
4.7911
4.5801
4.3774
4.1828
3.9961
3.817
29.6947
29.0011
28.3191
27.6489
26.9904
26.3436
25.7086
25.0852
24.4736
23.8735
23.2851
22.7082
22.1427
21.5886
21.0459
20.5143
19.9938
19.4843
18.9857
18.4979
18.0207
17.554
17.0977
16.6517
16.2157
15.7897
15.3736
14.9671
14.5701
14.1825
13.8041
13.4347
13.0743
12.7226
12.3794
12.0447
11.7183
11.4
11.0896
10.7871
10.4921
10.2047
9.9246
9.6517
9.3858
9.1267
8.8744
8.6287
8.3894
8.1564
7.9295
32.1349
31.5049
30.885
30.2754
29.6759
29.0864
28.5069
27.9373
27.3776
26.8276
26.2873
25.7566
25.2354
24.7235
24.221
23.7276
23.2433
22.768
22.3015
21.8438
21.3948
20.9542
20.5221
20.0983
19.6826
19.275
18.8753
18.4834
18.0993
17.7227
17.3536
16.9918
16.6372
16.2898
15.9493
15.6157
15.2888
14.9686
14.6548
14.3475
14.0465
13.7517
13.4629
13.1801
12.9031
12.6318
12.3662
12.1061
11.8515
11.6021
11.358
